vpNames,peakLat,onset,offset,areaLat,mean,peakAmp,area,width,baseline,meanAmp
C27,0.262,0.208,0.306,0.26,-0.800683831393479,-2.99809735226454,-116.705068300894,0.098,-0.899429205679363,-2.33410136601789
C29,0.402,0.346,0.42,0.384,0.0789592074057099,-0.509363703465497,-15.8920951075408,0.074,-0.152809111039649,-0.418213029145811
C51,0.428,0.386,0.46,0.428,-0.35141062232856,-1.42490503413535,-39.7964032297714,0.074,-0.427471510240606,-1.04727376920451
C52,0.444,0.388,0.462,0.432,0.0310918396777926,-0.574169596258311,-16.2652069804617,0.074,-0.172250878877493,-0.428031762643729
C53,0.304,0.24,0.432,0.332,-1.64090502324615,-2.42807037467702,-169.182451276481,0.192,-0.728421112403105,-1.74414898223176
C54,0.272,0.206,0.326,0.278,-0.535996441244007,-1.82152779235805,-74.3530213384345,0.12,-0.546458337707414,-1.21890198915467
C56,0.286,0.262,0.322,0.294,-0.616766788298459,-1.59402401719993,-38.5221679809656,0.06,-0.478207205159978,-1.24265058003115
C57,0.286,0.258,0.316,0.288,0.0120039877373208,-1.83023056483967,-41.4398274355595,0.058,-0.549069169451902,-1.38132758118532
C58,0.354,0.336,0.418,0.374,-0.731110328111877,-1.91576271830421,-58.6800828813394,0.082,-0.574728815491264,-1.39714483050808
C59,0.278,0.214,0.348,0.282,-1.07665752179009,-2.03087348596702,-86.8073570443259,0.134,-0.609262045790106,-1.27657878006362
C60,0.366,0.314,0.444,0.37,-0.600422145257385,-2.25035318971518,-102.496252435182,0.13,-0.675105956914556,-1.55297352174519
C61,0.444,0.416,0.482,0.452,0.56932809739539,-0.782339887233651,-20.1326381698733,0.066,-0.234701966170095,-0.59213641676098
C62,0.39,0.298,0.482,0.398,-0.226256392272624,-0.972359848412367,-70.7159982768165,0.184,-0.29170795452371,-0.760387078245338
C63,0.39,0.362,0.516,0.438,-0.387918398106206,-2.15410412898663,-123.566894604973,0.154,-0.64623123869599,-1.58419095647401
C64,0.326,0.278,0.388,0.336,-0.887503067167323,-1.74620857002378,-69.1573965065715,0.11,-0.523862571007134,-1.23495350904592
C65,0.38,0.362,0.422,0.386,0.773407057216131,-0.788039993233646,-15.4724804012913,0.06,-0.236411997970094,-0.499112271009396
C66,0.416,0.382,0.516,0.452,0.280183946440651,-1.54752244213378,-87.0901603296589,0.134,-0.464256732640135,-1.28073765190675
C67,0.328,0.286,0.37,0.33,-0.326504163609719,-1.62959573333085,-46.8284577604404,0.084,-0.488878719999256,-1.08903390140559
C68,0.34,0.322,0.398,0.358,-0.0770182444535459,-0.723897433217427,-20.8666396828247,0.076,-0.217169229965228,-0.535042043149351
C69,0.318,0.294,0.422,0.354,-0.173600952873389,-1.20491655464961,-49.8666692327568,0.128,-0.361474966394883,-0.767179526657797
C70,0.368,0.344,0.394,0.37,0.196462184519578,-0.935263904149874,-16.7607809820516,0.05,-0.280579171244962,-0.6446454223866
C71,0.272,0.226,0.408,0.306,-1.11254139702295,-1.81934573092756,-110.180413465531,0.182,-0.54580371927827,-1.19761318984273
C72,0.358,0.318,0.396,0.36,-0.761301254614536,-2.8902998620697,-79.6582506926507,0.078,-0.867089958620912,-1.99145626731627
C73,0.39,0.354,0.42,0.386,-0.465681618325283,-2.28322272193092,-57.808422312265,0.066,-0.684966816579277,-1.70024771506662
C74,0.414,0.386,0.43,0.414,-0.0103710610258546,-1.13796685808618,-18.2180304562631,0.044,-0.341390057425855,-0.792088280707093
C75,0.404,0.318,0.512,0.408,-1.27495455912865,-2.97347675076429,-192.482944563101,0.194,-0.892043025229286,-1.96411167921531
C76,0.4,0.374,0.434,0.404,0.128436344876966,-3.22005783943162,-74.8725838063641,0.06,-0.966017351829485,-2.41524463891497
C77,0.298,0.286,0.354,0.318,0.276718905614817,-1.25086084552521,-34.201849309434,0.068,-0.375258253657563,-0.977195694555256
C78,0.38,0.36,0.47,0.418,0.0185981387504116,-0.411750959659307,-18.4757804446794,0.11,-0.123525287897792,-0.329924650797845
C79,0.412,0.382,0.44,0.414,0.565142747298957,-0.875772093077831,-18.65862066644,0.058,-0.262731627923349,-0.621954022214668
C80,0.422,0.404,0.452,0.426,1.30606171681809,-0.718655389830665,-12.4089337647927,0.048,-0.2155966169492,-0.496357350591707
CA0,0.35,0.23,0.414,0.338,-0.687314649173413,-1.18903373449508,-74.4214881828642,0.184,-0.356710120348524,-0.800231055729722
CA1,0.3,0.268,0.344,0.304,-0.655179758584134,-1.93611553468709,-52.138051025902,0.076,-0.580834660406128,-1.33687310322826
CA2,0.358,0.33,0.382,0.362,0.108743595258638,-0.472670407902696,-8.44187290219345,0.052,-0.141801122370809,-0.312661959340498
CE0,0.322,0.306,0.35,0.328,0.514912247223782,-0.531220092525723,-9.29850982340638,0.044,-0.159366027757717,-0.404283035800277
CE1,0.318,0.216,0.334,0.272,-0.571313744445661,-1.15779740621003,-66.533435041435,0.118,-0.347339221863008,-1.10889058402392
CE2,0.376,0.31,0.404,0.364,-0.278071361757034,-1.27346801762178,-44.3383811231928,0.094,-0.382040405286533,-0.92371627339985
CE3,0.334,0.308,0.544,0.402,-0.882016724035235,-1.27509305763991,-91.0134048852319,0.236,-0.382527917291975,-0.764818528447326
CE4,0.256,0.244,0.28,0.262,-0.114861536227466,-0.910290873525466,-13.3152288244914,0.036,-0.27308726205764,-0.700801517078492
CE6,0.382,0.346,0.514,0.42,-0.853081264228962,-2.90853627399366,-169.678662859993,0.168,-0.872560882198099,-1.99621956305874
CE7,0.298,0.218,0.388,0.294,-0.93698583268254,-1.94747850288765,-120.619688260241,0.17,-0.584243550866295,-1.40255451465396
CE8,0.364,0.35,0.38,0.366,0.441222674701302,-0.469015789076027,-5.93561668173162,0.03,-0.140704736722808,-0.370976042608226
CE9,0.334,0.276,0.36,0.33,-0.246841956635209,-0.894669176940343,-22.0199492590516,0.084,-0.268400753082103,-0.512091843233757
CF0,0.368,0.242,0.422,0.346,-1.68902530862172,-2.87005401387282,-174.015062629994,0.18,-0.861016204161848,-1.91225343549444
CF1,0.34,0.236,0.412,0.336,-2.37813378090129,-3.64226083524056,-225.791663186988,0.176,-1.09267825057217,-2.53698497962908
CF2,0.378,0.372,0.388,0.382,0.910469603693176,-0.111564609153696,-1.31826094518715,0.016,-0.0334693827461089,-0.146473438354128
CI0,0.292,0.25,0.398,0.314,-1.65754984248215,-3.6336193904922,-179.538752500991,0.148,-1.09008581714766,-2.39385003334655
CI1,0.328,0.238,0.382,0.312,-0.285392844986156,-1.05004917208074,-55.9978130827134,0.144,-0.315014751624221,-0.767093329900184
CI2,0.292,0.268,0.336,0.304,-1.07012481960618,-2.97335953299053,-82.2299271000104,0.068,-0.892007859897159,-2.34942648857172
CI3,0.304,0.258,0.326,0.296,0.807137180141486,-0.570483806174664,-15.3951649009782,0.068,-0.171145141852399,-0.439861854313663
CI4,0.432,0.406,0.456,0.434,-0.297417594087133,-0.826504927428242,-14.5838337267681,0.05,-0.247951478228473,-0.560916681798772
CI5,0.362,0.334,0.378,0.36,0.30172438284655,-0.737617460017226,-12.2462525740488,0.044,-0.221285238005168,-0.532445764089077
CI6,0.316,0.244,0.388,0.322,-1.12021104328045,-2.14563306306811,-114.013927313553,0.144,-0.643689918920432,-1.56183462073361
CI7,0.284,0.246,0.342,0.288,-1.13106153651855,-2.89701008250098,-81.6120894309239,0.096,-0.869103024750295,-1.66555284552906
CI8,0.33,0.278,0.356,0.324,0.243509261584906,-0.889036212189673,-23.4349930523195,0.078,-0.266710863656902,-0.585874826307987
CI9,0.322,0.302,0.342,0.324,0.0721119887988783,-0.972265692985221,-13.7253113380365,0.04,-0.291679707895566,-0.653586254192216
CJ0,0.308,0.308,0.308,NaN,0.978164168213642,0.329048709696749,-0,0,0.0987146129090247,0.231042612864039
CJ1,0.352,0.308,0.398,0.354,-0.460435957586752,-1.41482921338261,-38.8654692215759,0.09,-0.424448764014783,-0.844901504816867
CJ2,0.286,0.218,0.312,0.276,-0.616725748903421,-1.04634308478733,-31.0869280795546,0.094,-0.313902925436199,-0.64764433499072
CJ3,0.364,0.324,0.394,0.364,-0.554259323317029,-1.47250961866835,-36.5926511379161,0.07,-0.441752885600505,-1.01646253160878
CJ4,0.314,0.3,0.332,0.318,1.14360268926981,-0.514903565165902,-7.43622085556654,0.032,-0.154471069549771,-0.437424756209796
CJ5,0.338,0.308,0.376,0.344,-0.53496142749825,-2.04148916858878,-46.4377037608355,0.068,-0.612446750576634,-1.32679153602387
CJ6,0.348,0.27,0.488,0.364,-1.47901983973043,-2.22317256031465,-165.296996211668,0.218,-0.666951768094394,-1.50269996556062
CJ7,0.446,0.424,0.462,0.446,-0.33590202082922,-0.592251663021073,-8.59927699943715,0.038,-0.177675498906322,-0.429963849971857
CM0,0.404,0.356,0.42,0.394,-0.0762159693602139,-1.30224282976826,-34.0845895818981,0.064,-0.390672848930477,-1.03286635096661
CM1,0.276,0.224,0.316,0.272,-0.717676649612569,-1.9206308367938,-65.0014135331418,0.092,-0.576189251038141,-1.38300879857748
CM2,0.366,0.296,0.412,0.362,-0.789523016384981,-2.00695356021014,-76.2143528373028,0.116,-0.602086068063043,-1.29176869215767
CM3,0.282,0.27,0.302,0.286,-0.0418106112892538,-0.41213336737462,-5.70335858694828,0.032,-0.123640010212386,-0.335491681585193
CM4,0.302,0.204,0.456,0.338,-3.32702323080669,-4.66043565624781,-374.828376045382,0.252,-1.39813069687434,-2.95140453579041
CM5,0.32,0.242,0.364,0.312,0.0549541307594075,-0.711460621175218,-29.891521098438,0.122,-0.213438186352565,-0.482121308039322
CM6,0.304,0.22,0.346,0.296,-1.56556775024034,-4.13750217191712,-173.860160339537,0.126,-1.24125065157514,-2.71656500530527
CM8,0.372,0.346,0.44,0.39,-0.497010815730437,-1.03934129075979,-34.4239365091221,0.094,-0.311802387227937,-0.717165343940045
CM9,0.424,0.382,0.46,0.42,-1.14668205310162,-3.1871079031561,-88.4198355339198,0.078,-0.956132370946829,-2.210495888348
CN0,0.286,0.18,0.368,0.286,-1.47774142811204,-3.63425795444501,-221.123147812995,0.188,-1.0902773863335,-2.32761208224205
CN1,0.442,0.434,0.458,0.444,0.84970666415898,0.20767339811368,-0,0,0.062302019434104,0.230917206685767
CN2,0.378,0.358,0.41,0.384,0.24675743868496,-1.310353481826,-25.2088835398214,0.052,-0.393106044547799,-0.933662353326719
CN3,0.366,0.354,0.428,0.392,-0.0916069021278575,-0.548891298167693,-19.1083621549138,0.074,-0.164667389450308,-0.502851635655627
CN4,0.296,0.238,0.384,0.306,-1.43336664527513,-2.82205237319659,-145.986974634043,0.146,-0.846615711958977,-1.9727969545141
CN5,0.384,0.322,0.424,0.382,-1.21807595196034,-2.82669074838618,-97.1781400195499,0.102,-0.848007224515854,-1.86881038499134
CQ0,0.36,0.352,0.37,0.362,0.338366404939996,-0.184197529853762,-2.01358217651572,0.018,-0.0552592589561287,-0.199953510540137
CU0,0.33,0.154,0.43,0.308,-1.35656674457944,-2.24788608891908,-185.773964871562,0.276,-0.674365826675723,-1.33650334439973
CU1,0.378,0.346,0.394,0.374,0.135629644059575,-0.673741961292985,-13.1998111137425,0.048,-0.202122588387896,-0.527992444549699
CU2,0.43,0.4,0.436,0.402,0.634112879798718,0.296825319413411,-0,0,0.0890475958240232,0.413010616453337
CU3,0.318,0.3,0.328,0.318,0.0511022683959169,-0.385664097844213,-4.57316108237342,0.028,-0.115699229353264,-0.304353530767266
CU4,0.302,0.318,0.478,0.408,0.792232140663597,0.35358710542876,-0,0,0.106076131628628,0.807590055956131
CU5,0.44,0.308,0.474,0.398,-0.856389864799652,-1.79000275725832,-103.915247024327,0.166,-0.537000827177496,-1.23708627409913
