vpNames,peakLat,onset,offset,areaLat,mean,peakAmp,area,width,baseline,meanAmp
C27,0.264,0.214,0.306,0.266,-0.731940096548749,-2.65652319510292,-92.5150977907495,0.092,-0.796956958530877,-1.96840633597339
C29,0.444,0.414,0.492,0.452,0.205728498655016,-1.1046189679979,-30.9136190972909,0.078,-0.331385690399369,-0.772840477432272
C51,0.414,0.376,0.472,0.42,-0.405950557902558,-1.55087813626563,-49.9110440029166,0.096,-0.465263440879688,-1.0185927347534
C52,0.442,0.394,0.508,0.454,0.0416955200258787,-1.0213510034497,-43.9102667430746,0.114,-0.306405301034909,-0.757073564535769
C53,0.312,0.246,0.362,0.314,-1.14849992366447,-2.79718179929668,-94.1355323991517,0.116,-0.839154539789003,-1.59551749829071
C54,0.304,0.26,0.328,0.3,-1.10468701045099,-2.54708680332463,-58.3554973541687,0.068,-0.764126040997391,-1.66729992440482
C56,0.298,0.284,0.368,0.318,0.036564229800016,-0.981274894562155,-27.7278622069531,0.084,-0.294382468368647,-0.644834004812862
C57,0.298,0.266,0.316,0.296,-0.193701911338736,-0.658514718598897,-12.9916696026448,0.05,-0.197554415579669,-0.499679600101722
C58,0.284,0.268,0.306,0.286,-1.00543336569719,-1.94026452787722,-27.2832209594544,0.038,-0.582079358363165,-1.36416104797272
C59,0.448,0.408,0.472,0.442,-0.33919043087445,-1.48899065208514,-35.6785256641192,0.064,-0.446697195625543,-1.08116744436725
C60,0.402,0.346,0.474,0.402,-0.963763257850291,-2.69079809238733,-102.928104592276,0.128,-0.807239427716199,-1.58350930141964
C61,0.424,0.404,0.45,0.43,0.465024188556695,-0.249479460945505,-4.82576749263375,0.046,-0.0748438382836515,-0.201073645526406
C62,0.426,0.378,0.484,0.436,0.239109046267687,-1.38690517722189,-53.1739113456654,0.106,-0.416071553166568,-0.984702061956767
C63,0.396,0.356,0.51,0.43,0.0570739336663347,-1.98136483934114,-123.645879269948,0.154,-0.594409451802343,-1.58520358038394
C64,0.424,0.382,0.474,0.434,-0.270320327552368,-1.00137669785446,-34.6599005486064,0.092,-0.300413009356337,-0.737444692523541
C65,0.398,0.376,0.424,0.4,0.733830487454545,-0.238628720878746,-4.25749592533678,0.048,-0.0715886162636239,-0.170299837013471
C66,0.398,0.378,0.582,0.494,0.222163815355775,-1.90243532106707,-143.353530857134,0.204,-0.57073059632012,-1.39178185298188
C67,0.364,0.268,0.492,0.364,-1.15636301116552,-2.04814399344658,-142.710250339652,0.224,-0.614443198033973,-1.26292256937745
C68,0.344,0.302,0.37,0.34,-0.32403036458327,-1.07227089714948,-26.8037333453921,0.068,-0.321681269144843,-0.765820952725488
C69,0.312,0.298,0.34,0.316,0.12711809948007,-1.19160428197397,-18.3735481388379,0.042,-0.35748128459219,-0.835161279038084
C70,0.392,0.358,0.428,0.394,0.334280979074991,-1.41382094371789,-36.4572863763574,0.07,-0.424146283115366,-1.01270239934326
C71,0.4,0.312,0.488,0.402,-0.920753211157253,-1.85063302466006,-100.688752741498,0.176,-0.555189907398017,-1.13133430046627
C72,0.422,0.38,0.576,0.47,-0.430068993054106,-1.56209163215689,-108.04519506296,0.196,-0.468627489647067,-1.09136560669656
C73,0.378,0.344,0.498,0.42,-0.513472251453348,-2.25817276898347,-124.804999317874,0.154,-0.677451830695041,-1.6000640938189
C74,0.386,0.372,0.442,0.402,0.395390124747284,-0.728373897737169,-18.7960648546525,0.07,-0.218512169321151,-0.522112912629235
C75,0.362,0.332,0.392,0.364,-0.565377759389027,-2.30152694702282,-50.4791655096241,0.06,-0.690458084106846,-1.62836017772981
C76,0.382,0.322,0.496,0.406,-1.68542468749496,-2.85381274928736,-181.691489550149,0.174,-0.856143824786209,-2.06467601761532
C77,0.338,0.308,0.434,0.362,-0.50489180795792,-1.9818313744079,-81.2115700673903,0.126,-0.594549412322371,-1.26893078230297
C78,0.424,0.336,0.462,0.406,-0.508374022470787,-1.27685126162128,-55.2619003804136,0.126,-0.383055378486383,-0.863467193443963
C79,0.394,0.354,0.44,0.402,-0.936019603862975,-2.0578259252064,-69.1294652462337,0.086,-0.617347777561921,-1.57112421014167
C80,0.412,0.412,0.412,NaN,1.32411477082858,0.153780016250219,-0,0,0.0461340048750657,0.117382463097143
CA0,0.328,0.214,0.442,0.334,-0.982781138251157,-1.29661963254461,-113.426476577882,0.228,-0.388985889763384,-0.986317187633757
CA1,0.312,0.284,0.366,0.326,-0.429616905030375,-1.31049427309175,-41.3307839206292,0.082,-0.393148281927525,-0.984066283824506
CA2,0.33,0.28,0.39,0.336,-0.477467375138209,-1.57856248806496,-67.9574898593843,0.11,-0.473568746419489,-1.21352660463186
CE0,0.378,0.328,0.386,0.358,0.110254995087097,-0.144461157585859,-4.01524575167585,0.058,-0.0433383472757578,-0.133841525055862
CE1,0.27,0.21,0.358,0.282,-0.797421105768408,-2.06142363704365,-101.784319511705,0.148,-0.618427091113096,-1.35712426015607
CE2,0.32,0.244,0.356,0.308,-0.785010016896888,-1.89636223386971,-67.7789668517792,0.112,-0.568908670160913,-1.18910468161016
CE3,0.354,0.314,0.4,0.36,-1.09739616955321,-2.70221418674036,-83.6931687414779,0.086,-0.810664256022108,-1.90211747139723
CE4,0.426,0.408,0.446,0.428,-0.182513182904838,-0.778169916404336,-11.2025827192694,0.038,-0.233450974921301,-0.560129135963472
CE6,0.368,0.334,0.424,0.376,-0.32576632415858,-1.9025142104847,-53.2043075891245,0.09,-0.570754263145409,-1.15661538237227
CE7,0.366,0.208,0.428,0.328,-1.72293021835507,-2.36186468881266,-196.385674613642,0.22,-0.708559406643798,-1.76924031183461
CE8,0.438,0.422,0.466,0.442,0.59344555832489,-0.482867185649352,-7.99891606037054,0.044,-0.144860155694806,-0.347778959146545
CE9,0.268,0.248,0.3,0.272,-0.0365750112450661,-0.908079983328977,-16.2730366523442,0.052,-0.272423994998693,-0.602705061197933
CF0,0.35,0.272,0.452,0.352,-1.34315929904658,-2.55213281464423,-127.196612225009,0.18,-0.76563984439327,-1.39776496950559
CF1,0.418,0.302,0.494,0.396,-1.83708123214163,-3.00854025860005,-202.391260963232,0.192,-0.902562077580014,-2.08650784498177
CF2,0.408,0.308,0.428,0.376,-0.13761870432877,-1.08558697635536,-51.376661074255,0.12,-0.325676092906609,-0.84224034547959
CI0,0.304,0.248,0.41,0.332,-2.13801019441405,-3.74460877019478,-227.698099947384,0.162,-1.12338263105843,-2.77680609691932
CI1,0.318,0.25,0.37,0.312,-0.651541101937804,-1.82980813167414,-77.3798709435673,0.12,-0.548942439502242,-1.26852247448471
CI2,0.3,0.188,0.504,0.352,-2.34756411399448,-3.31430483942864,-327.572811763855,0.316,-0.994291451828593,-2.06020636329469
CI3,0.28,0.25,0.37,0.304,-0.112124613541483,-1.17265171070062,-45.7700895100402,0.12,-0.351795513210186,-0.750329336230168
CI4,0.348,0.298,0.404,0.354,-0.1380280521177,-0.674908443142773,-23.8667589400527,0.106,-0.202472532942832,-0.441977017408382
CI5,0.388,0.368,0.384,0.38,0.84237212694096,0.647190411135886,-0,0,0.194157123340766,0.982649243340663
CI6,0.338,0.248,0.424,0.332,-1.47555083850352,-2.42417743391741,-144.585048678286,0.176,-0.727253230175223,-1.62455110874479
CI7,0.286,0.222,0.302,0.264,-0.977710264063863,-2.03888458896535,-66.3999349344919,0.08,-0.611665376689604,-1.61951060815834
CI8,0.346,0.28,0.42,0.354,-1.00565855524342,-2.25590491079553,-112.115068800649,0.14,-0.676771473238659,-1.57908547606548
CI9,0.262,0.21,0.358,0.276,-0.763680211447391,-1.67095690555435,-84.6607859779228,0.148,-0.501287071666305,-1.12881047970564
CJ0,0.306,0.334,0.374,0.35,0.655563988768484,0.364034838747768,-0,0,0.10921045162433,0.469557052919114
CJ1,0.376,0.284,0.468,0.372,-0.904567697283393,-1.58972871417075,-101.298998473936,0.184,-0.476918614251225,-1.0892365427305
CJ2,0.268,0.252,0.314,0.276,-0.450660582688493,-0.899900957406666,-18.1392075978947,0.062,-0.269970287222,-0.566850237434209
CJ3,0.358,0.176,0.504,0.344,-1.85413457156771,-2.54580361401913,-287.859222247111,0.328,-0.763741084205739,-1.74460134695219
CJ4,0.326,0.244,0.382,0.326,-0.708836924660826,-1.59454968754465,-75.9997349966262,0.138,-0.478364906263395,-1.0857104999518
CJ5,0.31,0.264,0.456,0.372,-0.589753143522439,-0.791244980251586,-60.784877807844,0.192,-0.237373494075476,-0.626648224823134
CJ6,0.362,0.254,0.42,0.342,-0.938118893697141,-1.41870524241561,-90.6132276647163,0.166,-0.425611572724682,-1.07872890077043
CJ7,0.372,0.358,0.392,0.376,-0.146727243276826,-0.561838388402602,-7.61449848874699,0.034,-0.16855151652078,-0.423027693819277
CM0,0.388,0.352,0.418,0.388,-0.236170340567119,-1.90869368739604,-47.2371789262456,0.066,-0.572608106218811,-1.3893287919484
CM1,0.308,0.27,0.434,0.346,-1.2184131729647,-2.11056303309605,-117.514439768044,0.164,-0.633168909928815,-1.41583662371137
CM2,0.378,0.284,0.402,0.354,-0.833226102356423,-1.99144684026467,-76.9400863630626,0.118,-0.5974340520794,-1.28233477271771
CM3,0.352,0.302,0.436,0.368,-0.428178381149618,-1.16322406487569,-55.7156298362165,0.134,-0.348967219462707,-0.819347497591419
CM4,0.306,0.254,0.442,0.332,-1.96460076787343,-3.2596906463726,-194.091739342278,0.188,-0.97790719391178,-2.04307094044503
CM5,0.348,0.272,0.382,0.332,-0.455647437882326,-1.41942235656245,-57.189666383696,0.11,-0.425826706968735,-1.021244042566
CM6,0.306,0.204,0.412,0.302,-2.4770726326374,-4.6965453921054,-331.089496206306,0.208,-1.40896361763162,-3.15323329720292
CM8,0.382,0.36,0.406,0.384,-0.577247064690778,-1.08261671337565,-17.62212953772,0.046,-0.324785014012696,-0.734255397405
CM9,0.308,0.252,0.48,0.358,-1.68250544185703,-2.22887003071285,-180.491159613846,0.228,-0.668661009213855,-1.56948834446823
CN0,0.314,0.198,0.406,0.294,-1.76208276159597,-3.14533902168932,-236.025500707692,0.208,-0.943601706506797,-2.24786191150183
CN1,0.412,0.374,0.42,0.408,0.27082115482088,-0.151048012767742,-2.76630310336659,0.046,-0.0453144038303226,-0.114703231859737
CN2,0.394,0.348,0.412,0.384,0.0456098147693745,-1.119621796911,-29.2599902893046,0.064,-0.335886539073301,-0.886666372403168
CN3,0.408,0.366,0.424,0.4,-0.13451872935819,-0.799410137942665,-19.0324780978569,0.058,-0.2398230413828,-0.634415936595229
CN4,0.332,0.234,0.414,0.324,-2.6307324546141,-3.99790951473231,-266.091448048819,0.18,-1.19937285441969,-2.92408184669032
CN5,0.394,0.324,0.42,0.374,-1.6586980379512,-2.92887576523312,-115.473276556038,0.096,-0.878662729569937,-2.35659748073548
CQ0,0.272,0.268,0.278,0.274,0.30387836376664,-0.0338891903006153,-0.588191453190769,0.01,-0.0101667570901846,-0.0980319088651282
CU0,0.288,0.236,0.426,0.318,-0.833541370839725,-1.4734281672294,-87.1395553592539,0.19,-0.44202845016882,-0.907703701658894
CU1,0.4,0.362,0.422,0.396,-0.11990872439312,-1.07083389655275,-24.879806680837,0.06,-0.321250168965825,-0.802574409059259
CU2,0.444,0.432,0.456,0.446,0.200103131020251,-0.218174403236323,-2.43219178371028,0.024,-0.065452320970897,-0.187091675670021
CU3,0.326,0.26,0.348,0.312,-0.146375053137649,-1.0238852456335,-29.8974652759096,0.088,-0.307165573690049,-0.664388117242436
CU4,0.388,0.37,0.458,0.406,0.0480755695187229,-0.514727762860694,-15.3579540541938,0.088,-0.154418328858208,-0.341287867870974
CU5,0.438,0.402,0.594,0.512,0.0647255900600029,-1.04902288687749,-73.9392106109057,0.192,-0.314706866063246,-0.762259903205214
