vpNames,peakLat,onset,offset,areaLat,mean,peakAmp,area,width,baseline,meanAmp
C27,0.272,0.184,0.316,0.262,-1.85114712299779,-5.04708386751984,-221.656244369444,0.132,-1.51412516025595,-3.30830215476782
C29,0.432,0.296,0.526,0.428,-0.393008821941747,-0.799561997334882,-74.2126533244678,0.23,-0.239868599200465,-0.639764252797137
C51,0.382,0.35,0.442,0.396,-1.10706080527218,-2.38111855297201,-84.3369057388053,0.092,-0.714335565891603,-1.79440224976181
C52,0.44,0.418,0.494,0.45,0.210290043447345,-1.12221653199231,-28.3412454839321,0.076,-0.336664959597694,-0.726698602152104
C53,0.328,0.222,0.442,0.326,-1.61582655415409,-2.72251489629797,-184.213007008805,0.22,-0.81675446888939,-1.65957663971896
C54,0.38,0.312,0.446,0.382,-1.19434855153872,-2.39457999650925,-104.451920259239,0.134,-0.718373998952774,-1.53605765087116
C56,0.288,0.274,0.324,0.294,-0.124001676515165,-1.25796132400485,-22.1723151089408,0.05,-0.377388397201455,-0.852781350343877
C57,0.27,0.25,0.3,0.276,-0.333664005228275,-1.52476228565224,-28.6011783036513,0.05,-0.457428685695673,-1.1000453193712
C58,0.286,0.272,0.308,0.29,-0.567270657034151,-1.73949164087924,-25.1257552773588,0.036,-0.521847492263772,-1.32240817249257
C59,0.266,0.216,0.318,0.27,-1.35802409688316,-2.67183855785703,-79.8211694153182,0.102,-0.80155156735711,-1.53502248875612
C60,0.356,0.304,0.446,0.37,-1.76203309266529,-3.16839715472027,-153.576893839046,0.142,-0.95051914641608,-2.13301241443119
C61,0.426,0.396,0.456,0.428,-0.00181910056189133,-2.05872217983792,-43.1240634790846,0.06,-0.617616653951375,-1.39109882190596
C62,0.414,0.334,0.522,0.428,-0.614084133868297,-2.45653709716121,-150.982604101133,0.188,-0.736961129148364,-1.58929056948562
C63,0.334,0.32,0.502,0.448,-0.191659924217786,-1.45085325451517,-158.575454827876,0.182,-0.435255976354552,-1.72364624812909
C64,0.42,0.392,0.436,0.418,-0.148605067789979,-0.816232928168105,-14.2388272470869,0.044,-0.244869878450432,-0.619079445525519
C65,0.394,0.38,0.406,0.396,0.681737949815123,-0.323330654406101,-3.67328819877224,0.026,-0.0969991963218304,-0.262116779908192
C66,0.432,0.412,0.484,0.442,1.11669828106864,-0.882400904949643,-20.7487326755347,0.072,-0.264720271484893,-0.560776558798235
C67,0.328,0.286,0.378,0.332,-0.715520361434937,-2.00383013079387,-69.3456459121526,0.092,-0.601149039238162,-1.47543927472665
C68,0.428,0.29,0.498,0.392,-0.97226972806893,-1.5687351771558,-121.003998998988,0.208,-0.470620553146741,-1.1524190380856
C69,0.374,0.354,0.418,0.386,-0.116540484307153,-1.01199195052856,-26.1798681361959,0.064,-0.303597585158567,-0.793329337460482
C70,0.39,0.37,0.42,0.394,0.939811631324605,-0.686843433155393,-12.6996606769344,0.05,-0.206053029946618,-0.488448487574401
C71,0.388,0.262,0.478,0.366,-1.18367089431201,-1.78293252923744,-128.17441684935,0.216,-0.534879758771232,-1.1759120811867
C72,0.442,0.318,0.518,0.436,-0.387718489783208,-2.0220267387589,-133.256778315917,0.2,-0.606608021627671,-1.31937404273185
C73,0.376,0.348,0.51,0.446,-0.961275526645796,-2.1494776184217,-184.203611045937,0.162,-0.64484328552651,-2.24638550056021
C74,0.418,0.374,0.44,0.414,-0.583564149334695,-1.54090754584418,-34.773575014297,0.066,-0.462272263753255,-1.02275220630285
C75,0.378,0.358,0.398,0.38,-0.221926413697405,-1.20536956363977,-19.1679487499296,0.04,-0.361610869091932,-0.912759464282362
C76,0.372,0.326,0.434,0.378,-1.45057903902907,-4.20033822932739,-147.665513545558,0.108,-1.26010146879822,-2.68482751901015
C77,0.366,0.292,0.396,0.35,0.192603410127857,-0.863676851469146,-35.3973854908424,0.104,-0.259103055440744,-0.667875197940422
C78,0.38,0.33,0.408,0.374,-0.264803152375431,-0.980017203401616,-27.1684141860207,0.078,-0.294005161020485,-0.679210354650518
C79,0.4,0.376,0.432,0.404,0.341457593593812,-1.77741249120404,-35.4949456884745,0.056,-0.533223747361213,-1.22396364443015
C80,0.426,0.386,0.538,0.456,0.736517520576308,-1.52292514426001,-83.9912544579494,0.152,-0.456877543278003,-1.0907955124409
CA0,0.354,0.304,0.376,0.346,-0.410832846187017,-0.968040608070484,-25.9990838207794,0.072,-0.290412182421145,-0.702677941102146
CA1,0.304,0.266,0.364,0.314,-0.62760351117313,-1.99564062403017,-68.9536317995177,0.098,-0.59869218720905,-1.37907263599035
CA2,0.384,0.31,0.428,0.368,-0.188158601768658,-0.885363821245349,-38.0014898955377,0.118,-0.265609146373605,-0.633358164925628
CE0,0.356,0.33,0.374,0.344,0.453470798541139,0.0433972656322262,-0,0,0.0130191796896679,0.124470533674188
CE1,0.292,0.252,0.302,0.29,0.32238862749103,-0.832390893642026,-14.676263475091,0.05,-0.249717268092608,-0.564471672118885
CE2,0.332,0.288,0.398,0.338,-0.20626622581832,-1.18025496546808,-42.6867522620569,0.11,-0.354076489640425,-0.762263433251017
CE3,0.354,0.328,0.396,0.36,-0.307186644897326,-1.58185054206495,-39.1099485978135,0.068,-0.474555162619486,-1.11742710279467
CE4,0.42,0.394,0.444,0.422,-0.531800896964527,-1.90152283353796,-34.3985873872179,0.05,-0.570456850061388,-1.32302259181607
CE6,0.38,0.342,0.424,0.384,-0.735113678434284,-2.55537990721824,-76.8722655332692,0.082,-0.766613972165471,-1.83029203650641
CE7,0.39,0.332,0.44,0.386,-0.946256640386229,-1.56677898204566,-59.3134003461506,0.108,-0.470033694613699,-1.0784254608391
CE8,0.334,0.322,0.378,0.348,0.585054721996643,-0.80281781855791,-19.2392827805405,0.056,-0.240845345567373,-0.663423544156568
CE9,0.394,0.358,0.444,0.4,-0.317511357038569,-0.786707956562664,-22.1839416635517,0.086,-0.236012386968799,-0.504180492353447
CF0,0.306,0.264,0.338,0.304,-1.26879656819868,-2.38215151592157,-61.699488776861,0.074,-0.714645454776472,-1.62367075728582
CF1,0.33,0.196,0.45,0.332,-2.09025652916599,-3.24547104383273,-255.811626508528,0.254,-0.97364131314982,-1.99852833209787
CF2,0.41,0.318,0.458,0.402,-0.0484090139478262,-1.32745369691273,-58.705289588767,0.14,-0.398236109073819,-0.826835064630521
CI0,0.314,0.252,0.408,0.324,-1.42653848426107,-3.03549391870204,-149.228948782947,0.156,-0.910648175610612,-1.88897403522717
CI1,0.318,0.29,0.446,0.356,-0.830140711686546,-1.53388467676135,-84.5030264231996,0.156,-0.460165403028407,-1.06965856231898
CI2,0.298,0.2,0.438,0.316,-2.19516621488215,-3.36685497156357,-263.211479328461,0.238,-1.01005649146907,-2.19342899440384
CI3,0.284,0.246,0.35,0.292,-0.201338364770444,-1.4208169107751,-49.2766401974222,0.104,-0.426245073232529,-0.92974792825325
CI4,0.366,0.346,0.394,0.37,-0.117537905562193,-0.909503102392104,-15.6085950016159,0.048,-0.272850930717631,-0.624343800064638
CI5,0.318,0.278,0.404,0.33,-0.407190457280904,-1.22744340553505,-51.7211473545179,0.126,-0.368233021660516,-0.808142927414341
CI6,0.32,0.25,0.394,0.32,-1.04539223176628,-2.2434955848363,-108.481434710086,0.144,-0.673048675450891,-1.48604705082309
CI7,0.322,0.26,0.474,0.37,-2.11474772096342,-3.31798018727477,-235.172664947292,0.214,-0.995394056182432,-2.17752467543789
CI8,0.314,0.27,0.376,0.322,-0.973065659634452,-2.01432523300606,-86.9199982647634,0.106,-0.604297569901819,-1.60962959749562
CI9,0.338,0.322,0.4,0.362,-0.421324360117884,-0.574736512612665,-17.9359922045913,0.078,-0.1724209537838,-0.448399805114782
CJ0,0.296,0.28,0.326,0.302,0.0318230334568223,-0.563162996779226,-10.3579557122706,0.046,-0.168948899033768,-0.431581488011276
CJ1,0.362,0.33,0.392,0.364,-0.692679452854022,-2.03897930543637,-46.2747543845416,0.062,-0.611693791630912,-1.44608607451693
CJ2,0.384,0.24,0.418,0.334,-0.855921911407569,-1.50391276896255,-92.725446750941,0.178,-0.451173830688765,-1.03028274167712
CJ3,0.336,0.16,0.38,0.268,-0.912480199392527,-1.86111081913977,-153.955672404691,0.22,-0.55833324574193,-1.3869880396819
CJ4,0.314,0.262,0.346,0.306,-0.334833382837277,-1.59901374979568,-55.3080216805228,0.084,-0.479704124938705,-1.28623306233774
CJ5,0.346,0.236,0.38,0.32,-1.09006018208856,-2.73685999169087,-132.726030929253,0.144,-0.821057997507261,-1.81816480725004
CJ6,0.318,0.264,0.472,0.354,-1.78366966354637,-2.61834523990072,-192.709722472882,0.208,-0.785503571970216,-1.83533069021793
CJ7,0.342,0.264,0.36,0.324,-0.258760493036905,-1.19680070331546,-38.7251140782876,0.096,-0.359040210994639,-0.790308450577298
CM0,0.388,0.36,0.408,0.388,0.00254146973574864,-1.45236767970348,-24.7798403134154,0.048,-0.435710303911045,-0.991193612536615
CM1,0.31,0.252,0.332,0.298,-0.659717052911597,-1.27921251589925,-40.2586305379726,0.08,-0.383763754769774,-0.98191781799933
CM2,0.316,0.262,0.38,0.324,-0.94373238343859,-2.24657300323959,-97.4814007699463,0.118,-0.673971900971877,-1.62469001283244
CM3,0.302,0.27,0.332,0.302,-0.40471454136339,-1.07268625069466,-24.3921057021472,0.062,-0.321805875208399,-0.762253303192099
CM4,0.3,0.224,0.338,0.294,-1.14837618359532,-3.08952645830212,-102.325734327697,0.114,-0.926857937490635,-1.76423679875339
CM5,0.364,0.302,0.382,0.348,-0.230674266751459,-1.10175630845486,-33.1915506238021,0.08,-0.33052689253646,-0.809550015214685
CM6,0.252,0.208,0.388,0.286,-2.09726732232407,-4.75345639637853,-293.473221275243,0.18,-1.42603691891356,-3.2249804535741
CM8,0.384,0.338,0.518,0.418,-0.945575217005655,-1.43753037890637,-88.0830790531418,0.18,-0.43125911367191,-0.967945923660899
CM9,0.414,0.372,0.45,0.416,-1.07075666816581,-2.58423754136355,-76.8697725055803,0.078,-0.775271262409065,-1.92174431263951
CN0,0.3,0.202,0.332,0.284,-1.37474243339802,-4.25724000508554,-164.573563392029,0.13,-1.27717200152566,-2.49353883927316
CN1,0.368,0.358,0.378,0.37,0.152062908716726,-0.110140206534307,-1.21154227187737,0.02,-0.033042061960292,-0.110140206534307
CN2,0.256,0.202,0.372,0.268,-0.965585658493992,-2.55937348268355,-147.920454313933,0.17,-0.767812044805064,-1.72000528272016
CN3,0.352,0.33,0.434,0.376,-0.835077906160671,-1.43708164901923,-53.6868740979551,0.104,-0.431124494705769,-1.01295988864066
CN4,0.252,0.216,0.376,0.286,-0.921498254818564,-2.95828820434172,-165.798523747602,0.16,-0.887486461302517,-2.04689535490866
CN5,0.376,0.348,0.402,0.376,-1.51416161891941,-4.27437342050598,-84.0932440757038,0.054,-1.28231202615179,-3.00333014556085
CQ0,0.362,0.336,0.374,0.36,0.103016821954233,-0.297527769794149,-4.64003414673075,0.038,-0.0892583309382447,-0.232001707336537
CU0,0.27,0.244,0.492,0.35,-1.50826565921285,-2.40195186256174,-175.446655651024,0.248,-0.720585558768521,-1.40357324520819
CU1,0.276,0.246,0.408,0.314,-0.522268978014092,-1.17434463109159,-54.8415324145359,0.162,-0.352303389327476,-0.668799175787023
CU2,0.42,0.392,0.444,0.442,0.61933953371135,0.206916891300529,-0,0,0.0620750673901586,0.404487204126491
CU3,0.366,0.356,0.384,0.37,0.488831342973316,-0.479847814539259,-5.99495748341351,0.028,-0.143954344361778,-0.399663832227568
CU4,0.44,0.354,0.524,0.442,-0.701274339552821,-1.89194609821216,-106.400744233224,0.17,-0.567583829463648,-1.23721795620028
CU5,0.44,0.28,0.574,0.434,-1.49459125660529,-2.57591734295966,-245.464064369347,0.294,-0.772775202887899,-1.65854097546856
