  dataset       zr        a     v_NW       t0     v_LF     v_HF  penalty      fit     time   method
      C27   0.7098   1.6839  -4.2077   0.4677   2.1091   3.3502   0.0000 -105.1619   0.6690       ML
      C29   0.6233   1.8291  -3.8986   0.4445   2.0330   4.9549   0.0000 -101.7071   0.6480       ML
      C50   0.6549   2.7966  -5.6735   0.3484   3.7162   5.4971   0.0000 -146.3017   0.8270       ML
      C51   0.6200   2.1932  -3.5475   0.3770   2.9076   5.5910   0.0000 -111.6732   0.6810       ML
      C52   0.4869   1.9941  -2.2931   0.3078   4.7505   8.1446   0.0000 -125.1399   0.7350       ML
      C53   0.6400   1.5694  -3.7683   0.4108   2.4203   5.2116   0.0000 -126.2690   0.6450       ML
      C54   0.6405   2.1845  -2.7955   0.4309   3.0472   5.0115   0.0000 -89.6377   0.7050       ML
      C55   0.5621   4.4274  -2.6771   0.3414   2.5326   3.1634   0.0000  24.4708   0.6620       ML
      C56   0.7323   1.6286  -4.9104   0.5015   2.8249   3.5901   0.0000 -148.1968   0.6480       ML
      C57   0.6879   1.5407  -3.4863   0.5395   2.4095   3.1912   0.0000 -104.8497   0.6330       ML
      C58   0.6476   2.5908  -3.1686   0.4701   2.7691   4.2856   0.0000 -71.1029   0.7040       ML
      C59   0.6907   2.2743  -2.5937   0.4432   2.7740   2.6802   0.0000 -42.5973   0.5590       ML
      C60   0.6981   2.0714  -3.7265   0.4725   3.4228   4.3806   0.0000 -123.6352   0.7090       ML
      C61   0.7009   1.6616  -4.0223   0.4612   1.8797   2.9297   0.0000 -89.7833   0.6100       ML
      C62   0.5862   1.9215  -2.7091   0.3897   2.7762   4.4775   0.0000 -84.4518   0.6220       ML
      C63   0.5442   2.1216  -2.5057   0.4325   3.0360   3.9503   0.0000 -62.3180   0.5730       ML
      C64   0.7550   2.7915  -2.8244   0.4400   2.1297   3.4742   0.0000 -44.3460   0.5900       ML
      C65   0.6136   2.2246  -2.2743   0.3704   2.9655   4.2625   0.0000 -59.8865   0.7040       ML
      C66   0.6365   2.7693  -3.6020   0.3898   2.5374   3.5113   0.0000 -56.1080   0.6970       ML
      C67   0.7499   2.4601  -2.9589   0.4702   1.8061   2.0155   0.0000 -14.7232   0.5850       ML
      C68   0.7100   1.8568  -3.7379   0.4318   2.2920   4.3345   0.0000 -110.0119   0.6190       ML
      C69   0.7554   2.5287  -3.0276   0.4498   1.6468   2.7590   0.0000 -27.9736   0.6470       ML
      C70   0.6569   1.5487  -4.4699   0.4777   3.3923   5.6809   0.0000 -163.1131   0.6530       ML
      C71   0.6321   1.7792  -3.9394   0.4248   2.8932   5.1649   0.0000 -133.4005   0.5950       ML
      C72   0.6487   2.8522  -2.5795   0.4958   2.2485   2.8129   0.0000  -5.0164   0.6090       ML
      C73   0.7176   2.0587  -3.7118   0.4441   2.2044   2.9606   0.0000 -81.3121   0.6150       ML
      C74   0.4865   4.8819  -3.6964   0.1005   5.4401   6.3710   0.0000 -89.1907   0.7220       ML
      C75   0.6122   2.3960  -2.2398   0.4024   2.4533   2.4296   0.0000  -2.9334   0.5140       ML
      C76   0.7002   2.4583  -2.6281   0.4391   1.9595   4.0639   0.0000 -43.2066   0.6040       ML
      C77   0.6135   1.9246  -3.1172   0.6294   2.8430   3.7957   0.0000 -85.1183   0.7350       ML
      C78   0.6979   3.2646  -2.4950   0.4589   2.0347   2.7369   0.0000   8.6493   0.6260       ML
      C79   0.5866   2.3063  -2.5745   0.4187   2.2108   3.2138   0.0000 -21.9463   0.6210       ML
      C80   0.5661   2.6400  -2.4254   0.3879   2.8996   4.4401   0.0000 -48.9531   0.7670       ML
      CA0   0.6736   3.4030  -2.5518   0.4156   2.4325   3.8871   0.0000 -18.1336   0.6400       ML
      CA1   0.4907   2.4384  -2.1122   0.3032   3.0770   3.5759   0.0000 -30.5985   0.6640       ML
      CA2   0.6263   2.7558  -2.1372   0.3163   2.2883   3.3196   0.0000  -4.8233   0.5170       ML
      CE0   0.6816   1.7514  -4.3162   0.4029   2.7629   3.8372   0.0000 -126.2828   0.5620       ML
      CE1   0.6082   1.7277  -3.5892   0.4512   5.2829   5.2486   0.0000 -159.5960   0.6830       ML
      CE2   0.6381   1.5408  -4.0174   0.4352   4.6918   9.2632   0.0000 -185.0696   0.7640       ML
      CE3   0.6039   2.1583  -3.0751   0.4921   3.4636   6.9564   0.0000 -117.3234   0.8100       ML
      CE4   0.5812   2.7463  -2.4940   0.3900   2.9907   3.1186   0.0000 -22.7775   0.5760       ML
      CE5   0.7685   2.1529  -3.7001   0.4621   2.3534   2.9690   0.0000 -88.4041   0.6210       ML
      CE6   0.6962   2.1249  -3.1871   0.4944   2.1681   3.2840   0.0000 -64.2183   0.5800       ML
      CE7   0.6172   2.2294  -3.5541   0.3396   3.2380   3.9687   0.0000 -99.6163   0.6220       ML
      CE8   0.6895   2.1582  -3.1942   0.4112   3.2957   5.4243   0.0000 -115.7164   0.7330       ML
      CE9   0.5694   1.5270  -3.0133   0.4610   4.3283   5.2693   0.0000 -142.5619   0.6020       ML
      CF0   0.6027   2.7765  -4.3237   0.3725   4.4557   5.8273   0.0000 -134.1013   0.8250       ML
      CF1   0.6540   1.7908  -3.1086   0.4213   2.3616   2.9949   0.0000 -72.6075   0.6090       ML
      CF2   0.5376   1.9427  -2.6522   0.3720   3.9962   4.4712   0.0000 -100.7793   0.5800       ML
      CI0   0.5686   2.9659  -4.1578   0.3257   5.0642   6.1034   0.0000 -138.2407   0.7980       ML
      CI1   0.5028   2.6398  -2.5123   0.3147   4.0990   5.1070   0.0000 -81.4601   0.7360       ML
      CI2   0.7364   2.2831  -3.4509   0.3847   1.8096   1.8922   0.0000 -26.8884   0.5930       ML
      CI3   0.8308   2.8163  -4.8476   0.5646   5.4482   8.8223   0.0000 -184.4910   0.6020       ML
      CI4   0.5925   1.7110  -4.3697   0.5556   3.7208   4.7389   0.0000 -147.5563   0.5880       ML
      CI5   0.7072   2.1277  -5.1872   0.4639   4.5522   6.4424   0.0000 -173.4996   0.7310       ML
      CI6   0.6374   1.8272  -3.8619   0.4520   3.7747   4.6260   0.0000 -133.8575   0.5930       ML
      CI7   0.5716   2.4806  -2.3736   0.3292   2.7676   3.1713   0.0000 -24.8884   0.6240       ML
      CI8   0.6062   1.3754  -3.8024   0.5091   4.3308   5.2505   0.0000 -167.1915   0.5940       ML
      CI9   0.6245   2.4634  -2.3510   0.3512   2.4101   2.4042   0.0000  -4.8280   0.6110       ML
      CJ0   0.6166   1.7801  -2.8841   0.5513   2.2235   3.1143   0.0000 -59.9877   0.6750       ML
      CJ1   0.6539   1.8828  -4.2189   0.4242   3.8763   5.7939   0.0000 -156.0513   0.6280       ML
      CJ2   0.6489   2.1906  -4.1647   0.4213   2.4730   3.5734   0.0000 -88.2696   0.6380       ML
      CJ3   0.6130   1.9037  -3.1272   0.3846   3.0109   3.9437   0.0000 -97.8877   0.6770       ML
      CJ4   0.7497   2.0979  -4.3441   0.4165   2.5867   3.4249   0.0000 -106.9813   1.2210       ML
      CJ5   0.6752   1.4387  -4.8698   0.4470   2.3549   3.7693   0.0000 -138.1077   0.6260       ML
      CJ6   0.6801   2.7145  -2.3444   0.4888   2.2145   3.0266   0.0000 -12.3536   0.6040       ML
      CJ7   0.7332   2.4342  -3.2931   0.4901   2.3245   2.8508   0.0000 -55.9071   0.6360       ML
      CM0   0.6431   1.9202  -3.9354   0.4310   2.5700   4.3847   0.0000 -109.1922   0.5950       ML
      CM1   0.6867   1.8603  -3.3485   0.4496   2.4434   2.5520   0.0000 -72.5077   0.6760       ML
      CM2   0.5208   2.0660  -2.3587   0.3120   2.7231   4.9318   0.0000 -67.2872   0.6010       ML
      CM3   0.6382   2.7044  -3.6271   0.4476   2.8610   3.2963   0.0000 -59.7453   0.6410       ML
      CM4   0.7406   1.9296  -3.7240   0.4986   2.1004   3.0355   0.0000 -87.1709   0.6840       ML
      CM5   0.5924   2.2813  -3.3846   0.3126   4.2262   4.3871   0.0000 -113.7111   0.7280       ML
      CM6   0.6324   2.0584  -3.2161   0.4001   2.5679   5.1487   0.0000 -103.2255   0.7600       ML
      CM7   0.5878   1.9562  -3.2014   0.3596   3.7094   3.8799   0.0000 -104.8981   0.6540       ML
      CM8   0.6096   2.2373  -3.1192   0.3865   2.6809   4.2402   0.0000 -74.9267   0.6650       ML
      CM9   0.6290   4.1489  -3.3920   0.2572   2.7657   4.0298   0.0000 -27.3836   0.6670       ML
      CN0   0.5718   2.7315  -4.5285   0.3131   4.4991   5.8736   0.0000 -141.5604   0.7320       ML
      CN1   0.7280   1.6637  -3.4802   0.4452   2.5157   2.5183   0.0000 -91.7233   0.6090       ML
      CN2   0.6340   2.1997  -2.4343   0.4322   2.9574   3.5420   0.0000 -55.0610   0.6340       ML
      CN3   0.6717   2.2128  -2.8593   0.4655   2.5356   2.7978   0.0000 -51.0332   0.6190       ML
      CN4   0.6262   2.5846  -2.2885   0.2880   2.3216   2.9809   0.0000  -8.4113   0.6500       ML
      CN5   0.6706   2.0037  -5.1073   0.4984   2.7123   3.3492   0.0000 -115.8062   0.7800       ML
      CQ0   0.7097   1.8084  -3.3705   0.4799   3.1850   3.0326   0.0000 -102.4438   0.5870       ML
      CU0   0.6733   2.0040  -3.4268   0.4543   2.7515   3.3480   0.0000 -85.3768   0.6400       ML
      CU1   0.6296   1.9741  -2.7115   0.5061   3.4328   4.2697   0.0000 -94.6978   0.7690       ML
      CU2   0.5328   2.9846  -4.8844   0.3982   6.0306   6.8281   0.0000 -161.7087   0.8760       ML
      CU3   0.6670   2.2468  -3.4049   0.3983   2.6935   4.9149   0.0000 -100.4607   0.6530       ML
      CU4   0.6085   2.1326  -3.0847   0.3828   3.3156   5.0450   0.0000 -102.1614   0.5940       ML
      CU5   0.5978   2.7551  -2.5862   0.3840   2.4990   3.8266   0.0000 -29.7838   0.7080       ML
