  dataset       zr        a   v_NWNW       t0    v_NWG     v_GE    v_ENW    v_NWE     v_EE    v_GNW     v_EG     v_GG  penalty      fit     time   method
      C27   0.6561   1.8624  -3.1684   0.4369   3.5003   3.0956  -3.6383   2.2392   3.4972  -3.5774   3.4943   4.2824   0.0000 -270.7612   4.2430       ML
      C29   0.5968   2.0087  -2.8478   0.4402   2.7972   1.9635  -2.9367   1.9667   1.7689  -2.8732   2.5913   2.8398   0.0000 -74.9705   4.6160       ML
      C51   0.6950   2.0773  -3.6446   0.4063   3.1731   2.8533  -4.4650   2.3980   2.9916  -4.0289   4.1888   4.0996   0.0000 -290.0753   5.3390       ML
      C52   0.5933   2.3616  -2.2710   0.3355   3.2878   2.8469  -1.9969   2.8537   2.6001  -2.7017   3.8640   3.7269   0.0000 -101.4981   4.3080       ML
      C53   0.5894   1.8061  -3.6369   0.3947   4.0687   3.2982  -4.1348   2.7469   3.7587  -3.5084   3.7876   4.8465   0.0000 -312.5113   3.8330       ML
      C54   0.6942   2.2328  -2.8433   0.4597   2.0213   2.4132  -2.7708   2.0923   2.5113  -2.7733   2.8095   2.5069   0.0000 -92.4787   4.0890       ML
      C55   0.6424   3.0734  -2.7507   0.4386   2.8264   2.2883  -2.5422   1.7897   2.6374  -2.6500   2.8990   3.4030   0.0000  -6.6937   6.0990       ML
      C56   0.6359   2.0460  -4.0197   0.3961   3.0717   3.1825  -3.9725   3.0432   3.9674  -3.9858   3.8429   3.7762   0.0000 -299.1211   5.2190       ML
      C57   0.6264   2.1385  -3.4476   0.4322   3.4748   2.7575  -3.7609   3.2415   4.0877  -3.3499   3.1097   3.8213   0.0000 -256.9026  11.2610       ML
      C58   0.7196   2.2156  -3.5556   0.4604   3.4305   2.2200  -4.6582   1.5205   2.5085  -3.7781   3.2263   3.2649   0.0000 -202.3849   4.7620       ML
      C59   0.6564   2.5407  -1.9100   0.3941   2.7451   2.3395  -1.7405   1.7127   2.1774  -1.8604   2.5966   3.5445   0.0000  37.8938   4.2470       ML
      C60   0.7718   2.1000  -4.1086   0.4874   2.5444   1.8979  -3.9240   1.3962   2.3294  -4.6627   2.4040   4.2655   0.0000 -229.3820   4.2170       ML
      C61   0.7014   1.9548  -3.7029   0.4074   2.5805   1.9713  -4.7757   2.0102   2.9038  -4.1842   2.6519   3.0343   0.0000 -241.4228   4.4280       ML
      C62   0.6634   2.6404  -2.0582   0.4214   2.8421   2.2766  -2.2946   1.6138   2.5706  -2.3387   3.0794   3.9242   0.0000 -39.0840   3.8240       ML
      C63   0.5995   2.6548  -2.5301   0.3709   2.5988   2.6571  -2.2685   2.2726   2.4907  -2.5298   3.3611   4.0030   0.0000 -47.0544   4.3180       ML
      C64   0.6320   2.7260  -2.4319   0.3617   3.1844   2.5851  -2.4839   1.7572   2.7195  -2.4874   3.8549   4.0961   0.0000 -67.3769   4.0800       ML
      C65   0.6840   2.2968  -2.6787   0.4036   2.9525   2.0948  -3.1270   1.6797   2.0806  -3.4987   2.3272   3.2496   0.0000 -89.9396   4.9000       ML
      C66   0.6344   2.6389  -3.0715   0.4574   3.0177   2.0965  -3.5342   1.8907   2.1543  -3.3460   3.2051   4.0512   0.0000 -96.0352   5.0170       ML
      C67   0.5990   2.6263  -2.5470   0.3125   2.2489   2.1891  -2.4141   1.9380   2.5747  -2.5245   2.2871   2.8529   0.0000  14.7432   3.8440       ML
      C68   0.6633   1.7828  -3.4814   0.4455   2.8620   1.9272  -3.6752   2.0787   2.6636  -3.4456   3.2016   4.4350   0.0000 -238.3164   5.2710       ML
      C69   0.6354   2.2624  -2.8602   0.4647   2.3971   1.8377  -2.7672   1.9456   2.3026  -2.7142   2.6238   2.7939   0.0000 -46.0512   3.8430       ML
      C70   0.6632   1.7678  -3.7025   0.4232   2.9713   2.4987  -3.6583   1.7907   3.1501  -3.3958   3.1198   4.2893   0.0000 -254.6225   4.0040       ML
      C71   0.6507   1.9672  -3.7951   0.3709   2.6377   1.8876  -3.5788   2.4218   3.1993  -4.5870   3.4719   4.5861   0.0000 -241.4147   4.0710       ML
      C72   0.6292   3.0087  -2.3931   0.4631   2.3485   2.1473  -2.5228   1.8617   2.0910  -2.2018   2.7408   4.4212   0.0000  20.2737   4.7940       ML
      C73   0.6706   2.2992  -2.6315   0.4746   3.6029   2.4572  -3.2084   2.1185   2.9236  -3.1269   3.6595   4.0897   0.0000 -172.6030   4.3860       ML
      C74   0.5629   2.9729  -3.1619   0.3177   3.8677   3.3001  -3.0161   2.6771   3.6136  -3.6197   4.8687   4.8164   0.0000 -174.7573   6.0560       ML
      C75   0.5521   5.0105  -2.5157   0.2209   3.1736   2.5745  -2.7520   2.3589   2.7540  -2.6809   3.0957   3.8010   0.0000  86.3152   4.9300       ML
      C76   0.6635   2.1287  -2.8656   0.4388   2.7214   2.3499  -2.6608   2.2196   2.9737  -2.4996   2.5548   3.3179   0.0000 -126.1390   4.1280       ML
      C77   0.6374   3.1410  -2.3880   0.4436   3.0655   1.9056  -3.0354   2.2587   2.2959  -2.6382   2.6958   2.8471   0.0000  14.4986   4.7300       ML
      C78   0.6664   4.3674  -3.0367   0.4299   2.4953   2.2137  -2.9007   1.9867   1.9243  -3.1239   2.7913   3.0325   0.0000  59.9549   4.0240       ML
      C79   0.6301   2.4574  -2.2229   0.4389   3.7076   2.8475  -2.9048   2.3408   2.7876  -3.0721   3.0976   3.4986   0.0000 -118.0481   4.1280       ML
      C80   0.6674   2.5867  -2.7439   0.4423   3.0650   2.1594  -2.9405   1.4261   2.0920  -3.0742   3.2302   4.2542   0.0000 -76.0431   4.6280       ML
      CA0   0.6459   2.4206  -2.3743   0.4078   2.7807   1.8656  -2.4992   1.7836   1.8932  -2.5760   3.0318   2.9131   0.0000 -18.5829   4.0230       ML
      CA1   0.6374   2.5016  -2.7807   0.3539   2.0266   2.3174  -2.7823   1.9787   2.1085  -2.8244   2.4133   2.7987   0.0000 -19.4788   4.5180       ML
      CA2   0.6293   2.4663  -2.7620   0.3723   2.4541   2.4073  -2.8918   2.0062   2.8728  -2.9700   2.3067   2.6839   0.0000 -52.4076   3.9740       ML
      CE0   0.5806   2.5131  -3.3548   0.3490   4.4214   3.1864  -3.5518   2.8601   3.5020  -3.4201   4.6278   5.1801   0.0000 -243.7960   5.4100       ML
      CE1   0.7128   1.8053  -3.8373   0.4372   3.3904   2.5517  -4.5814   2.5241   3.8562  -4.9809   4.8378   4.5494   0.0000 -368.4340   5.1940       ML
      CE2   0.6774   1.8641  -2.9057   0.3990   4.4252   2.0316  -3.9288   2.0847   2.5479  -3.5177   4.0057   5.1882   0.0000 -255.3975   3.9070       ML
      CE3   0.6026   2.5194  -2.6930   0.3941   3.7677   2.0759  -2.9117   2.1754   2.3065  -2.9665   4.0736   5.6645   0.0000 -127.4061   4.0450       ML
      CE4   0.6559   2.2518  -2.7904   0.4878   2.2455   1.7894  -2.6319   2.1355   2.5998  -2.7389   2.1277   2.2038   0.0000 -34.0209   4.9100       ML
      CE5   0.6991   2.1572  -3.3344   0.4440   2.8654   3.1589  -4.0914   2.2004   3.5480  -4.1714   3.5187   3.7185   0.0000 -261.6500   4.3930       ML
      CE6   0.7083   2.4543  -3.0054   0.4614   3.0669   2.1776  -3.3399   1.9730   3.0531  -3.2009   3.2413   4.6858   0.0000 -167.8836   4.8640       ML
      CE7   0.6378   2.3150  -2.7237   0.4245   5.0586   2.4984  -2.9024   2.8369   2.9402  -3.2549   3.7574   4.3929   0.0000 -196.7163   4.5840       ML
      CE8   0.6027   2.6377  -3.3150   0.3490   4.2495   2.7473  -2.9782   2.1253   2.4684  -2.8769   4.0600   5.1264   0.0000 -149.9379   5.3480       ML
      CE9   0.5730   2.0513  -2.4465   0.4852   3.0818   2.4954  -2.9121   2.4228   3.6894  -2.5928   3.1109   3.4957   0.0000 -139.1839   4.3420       ML
      CF0   0.6392   2.2797  -3.2346   0.4123   2.5318   2.4380  -3.6312   2.3750   2.5811  -2.9329   3.3829   3.8732   0.0000 -152.0252   5.6310       ML
      CF1   0.6697   1.7974  -3.5441   0.4209   2.1840   2.5732  -3.6423   2.1228   3.7349  -3.4797   2.5119   2.8293   0.0000 -217.4209   5.7310       ML
      CF2   0.5573   3.9120  -2.3749   0.3464   3.8334   3.6674  -2.8369   3.1040   4.0740  -2.7475   4.9636   5.2924   0.0000 -94.7831   6.0310       ML
      CI0   0.6540   2.5801  -2.6892   0.3701   3.5091   2.8548  -2.8008   2.3663   3.7809  -3.2555   4.2404   5.2795   0.0000 -188.5542   4.6780       ML
      CI1   0.6183   3.2228  -2.7411   0.3346   2.7406   2.7888  -3.0614   2.1559   2.9431  -3.0387   4.0299   4.6932   0.0000 -81.4691   4.5810       ML
      CI2   0.6453   2.2029  -2.7568   0.4166   1.6970   2.0105  -3.5162   1.6853   2.1911  -3.6209   2.7607   3.1586   0.0000 -77.5107   4.5940       ML
      CI3   0.8218   4.1224  -4.9960   0.4602   3.1413   2.4713  -4.8674   1.7113   2.5843  -5.1217   4.3738   4.5786   0.0000 -213.2757   6.4760       ML
      CI4   0.5860   2.3299  -2.7079   0.5236   4.4491   3.0464  -3.9989   2.5402   3.5309  -4.0265   4.0888   4.3940   0.0000 -230.5507   4.7400       ML
      CI5   0.6550   2.1867  -3.0249   0.4765   4.2197   2.8800  -3.6595   2.3016   2.5644  -4.0616   6.6284   6.5744   0.0000 -276.2288   5.5020       ML
      CI6   0.6630   2.0331  -3.3554   0.4942   3.8856   2.8527  -3.5965   3.0476   3.6796  -3.9291   4.1554   4.4893   0.0000 -290.0787   5.1570       ML
      CI7   0.5892   2.6680  -2.4078   0.3574   2.7309   2.0677  -3.0104   2.0313   2.6178  -2.3693   3.3255   3.4342   0.0000 -27.3104   4.5240       ML
      CI8   0.6199   1.5465  -3.3989   0.5049   4.0552   3.0063  -4.1941   3.3586   3.0671  -4.4757   2.9353   4.2875   0.0000 -334.7718   3.5940       ML
      CI9   0.5409   6.0802  -4.2147   0.1000   2.7823   4.4609  -2.6953   2.6828   4.5633  -2.5308   5.0871   5.6080   0.0000 -11.5351   8.2870       ML
      CJ0   0.5961   1.9468  -2.7310   0.5079   2.6234   2.3948  -3.1704   1.7897   2.0306  -2.6110   3.0177   4.0907   0.0000 -120.9428   3.4770       ML
      CJ1   0.6142   2.1511  -3.5529   0.3724   3.6138   3.0229  -3.6929   2.9840   3.1420  -3.2643   4.1856   4.6456   0.0000 -253.8505   4.3400       ML
      CJ2   0.6528   2.5004  -4.1322   0.4054   2.2876   2.5458  -4.8514   1.9130   2.6275  -5.1260   3.1659   2.9827   0.0000 -173.9288   5.8830       ML
      CJ3   0.5893   1.9554  -2.5513   0.4185   3.4036   4.3665  -3.1130   2.5984   3.8908  -2.7816   4.1265   5.9430   0.0000 -258.8710   4.2580       ML
      CJ4   0.6855   2.2017  -3.3065   0.4411   1.8922   1.7071  -3.4763   1.7517   2.0330  -3.7826   2.4768   3.6239   0.0000 -99.3061   3.6360       ML
      CJ5   0.5652   1.5223  -3.5418   0.4632   4.5560   4.4676  -4.0665   3.5024   5.2673  -4.7584   6.4365   6.1366   0.0000 -446.9819   4.1480       ML
      CJ6   0.6747   1.9864  -2.4398   0.4819   2.7215   1.8803  -2.6485   1.8410   2.6259  -2.9472   2.8674   3.6327   0.0000 -123.4799   3.9260       ML
      CJ7   0.6467   2.2766  -3.2547   0.4578   2.8308   2.4130  -3.5135   2.6255   3.2092  -3.5476   2.9275   3.9495   0.0000 -193.6715   3.9820       ML
      CM0   0.6160   2.2474  -4.1680   0.3992   3.2837   3.6154  -4.8438   2.6306   3.4305  -4.2442   4.0328   4.6406   0.0000 -297.9111   6.5610       ML
      CM1   0.6337   1.7001  -3.6456   0.4424   2.2467   1.8398  -3.3494   2.2834   2.6411  -3.1705   3.2603   3.2784   0.0000 -200.9927   4.9380       ML
      CM2   0.6176   2.1822  -2.7914   0.3916   3.4501   3.0425  -3.0819   2.4382   3.2624  -3.3013   3.6644   3.7386   0.0000 -193.0072   5.4110       ML
      CM3   0.5867   2.8969  -3.1076   0.3387   3.0902   2.1306  -2.9735   2.3740   3.0385  -2.9797   2.8698   2.9231   0.0000 -47.3966   4.0670       ML
      CM4   0.6142   3.0528  -3.5112   0.4359   3.3036   2.7130  -3.1488   2.8054   3.2450  -3.7226   3.2768   3.7183   0.0000 -126.2606   5.2640       ML
      CM5   0.5974   2.4527  -2.8680   0.3500   4.2015   4.1061  -3.6664   3.1254   5.2078  -2.9936   5.2122   6.4845   0.0000 -295.9901   5.2640       ML
      CM6   0.6225   1.8190  -3.9438   0.3840   3.8842   2.8458  -3.4156   2.9750   3.7751  -3.6721   4.9103   5.1078   0.0000 -333.5181   4.5420       ML
      CM7   0.6143   2.8136  -2.9107   0.2970   3.1550   2.7780  -3.2916   2.2917   2.8601  -2.8433   3.4231   3.9548   0.0000 -106.0822   5.8690       ML
      CM8   0.6333   2.2879  -2.7873   0.3919   3.9364   3.1657  -2.7890   2.9612   4.2997  -3.2283   3.9654   4.4930   0.0000 -225.9891   5.7930       ML
      CM9   0.6052   3.0829  -3.5722   0.3041   3.5121   3.8096  -4.0768   3.4334   4.6471  -3.9554   4.3134   4.0442   0.0000 -233.4243   5.4180       ML
      CN0   0.6998   1.8827  -3.6416   0.3929   3.3374   2.4535  -3.3384   2.1822   3.0127  -3.2649   3.4094   4.2843   0.0000 -260.1583   4.7230       ML
      CN1   0.6742   1.6795  -4.8538   0.4311   3.1960   2.3990  -3.8973   2.9196   3.2149  -3.9221   2.7928   3.5804   0.0000 -312.5922   4.3330       ML
      CN2   0.6420   2.2406  -2.1136   0.4614   3.0159   2.2066  -2.4602   2.4458   2.9214  -2.8750   3.0316   3.4421   0.0000 -107.3695   4.2720       ML
      CN3   0.7366   2.0744  -3.4637   0.5119   2.7826   2.0547  -3.3471   1.8012   2.2628  -2.9224   2.6918   3.0559   0.0000 -169.3257   4.7730       ML
      CN4   0.6172   2.9270  -2.2847   0.2846   2.1956   2.3833  -2.6101   2.1233   3.0660  -2.6388   3.1490   3.2064   0.0000  -5.9473   4.6820       ML
      CN5   0.6207   1.9315  -3.3999   0.4217   3.2180   3.0237  -3.8738   2.7194   3.1882  -3.9096   3.1144   4.1406   0.0000 -264.1292   4.4870       ML
      CQ0   0.5872   2.7688  -2.5382   0.3857   4.5187   3.4263  -3.4448   3.0102   3.9265  -3.5358   5.8658   7.0587   0.0000 -241.9272   6.3760       ML
      CU0   0.5931   4.1538  -3.7714   0.2308   3.4288   3.7224  -3.9091   2.6847   4.0321  -3.4978   4.2488   4.8646   0.0000 -130.5033   6.6870       ML
      CU1   0.6793   2.4865  -2.6530   0.4838   3.4488   2.7610  -3.2585   2.6001   3.3622  -3.2517   3.7275   3.8108   0.0000 -182.6489   5.2070       ML
      CU2   0.5146   2.2150  -4.2220   0.4144   4.6819   4.3667  -3.5494   3.7951   5.2760  -3.6361   6.3014   6.1001   0.0000 -353.6097   5.1780       ML
      CU3   0.6308   1.9999  -2.8883   0.3970   2.3592   2.7856  -2.7698   2.1280   2.4202  -2.9739   3.0931   3.0722   0.0000 -144.4829   4.1880       ML
      CU4   0.6768   2.3317  -2.6125   0.4257   2.9398   2.4604  -2.6345   2.2318   2.9068  -2.7174   3.0997   3.5872   0.0000 -125.5925   3.8660       ML
      CU5   0.6761   2.3057  -2.8044   0.4769   1.7912   2.4828  -3.7131   2.0521   2.2760  -2.9026   2.5516   2.5917   0.0000 -80.7970   6.2850       ML
